00:18:23.909 -> Cal   0.39   |   0.20   |   400.53   |   0.07   |   1.01   |   0.06   |
00:18:23.909 -> O   |  Alcohol |   CO2  |  Toluen  |  NH4  |  Aceton  |
00:18:23.909 -> |   0.39   |   0.20   |   400.53   |   0.07   |   1.01   |   0.06   |
00:18:24.746 -> Calibrating please wait...........  done!.
00:18:25.177 -> ** Values from MQ-135 ****
00:18:25.211 -> |    CO   |  Alcohol |   CO2  |  Toluen  |  NH4  |  Aceton  |
00:18:25.277 -> |   0.43   |   0.22   |   400.57   |   0.08   |   1.07   |   0.07   |
00:18:25.809 -> |   0.01   |   0.01   |   400.03   |   0.00   |   0.09   |   0.00   |
00:18:26.373 -> |   0.05   |   0.04   |   400.12   |   0.01   |   0.28   |   0.01   |
00:18:26.937 -> |   0.44   |   0.22   |   400.58   |   0.08   |   1.09   |   0.07   |
00:18:27.468 -> |   0.09   |   0.07   |   400.19   |   0.02   |   0.42   |   0.02   |
00:18:28.032 -> |   0.00   |   0.00   |   400.00   |   0.00   |   0.01   |   0.00   |
00:18:28.563 -> |   0.00   |   0.00   |   400.00   |   0.00   |   0.00   |   0.00   |
00:18:29.128 -> |   0.00   |   0.00   |   400.01   |   0.00   |   0.03   |   0.00   |
00:18:29.693 -> |   0.12   |   0.08   |   400.22   |   0.03   |   0.48   |   0.02   |
00:18:30.224 -> |   0.16   |   0.10   |   400.28   |   0.03   |   0.59   |   0.03   |
00:18:30.788 -> |   0.00   |   0.00   |   400.00   |   0.00   |   0.01   |   0.00   |
00:18:31.320 -> |   0.00   |   0.00   |   400.00   |   0.00   |   0.00   |   0.00   |
00:18:31.884 -> |   0.00   |   0.00   |   400.00   |   0.00   |   0.01   |   0.00   |
00:18:32.416 -> |   0.02   |   0.02   |   400.07   |   0.01   |   0.17   |   0.01   |
00:18:32.980 -> |   0.20   |   0.12   |   400.33   |   0.04   |   0.67   |   0.04   |
00:18:33.545 -> |   0.01   |   0.01   |   400.03   |   0.00   |   0.08   |   0.00   |
00:18:34.076 -> |   0.00   |   0.00   |   400.00   |   0.00   |   0.00   |   0.00   |
00:18:34.640 -> |   0.00   |   0.00   |   400.00   |   0.00   |   0.00   |   0.00   |
00:18:35.171 -> |   0.00   |   0.00   |   400.02   |   0.00   |   0.05   |   0.00   |
00:18:35.736 -> |   0.27   |   0.15   |   400.40   |   0.05   |   0.80   |   0.05   |
00:18:36.268 -> |   0.04   |   0.04   |   400.11   |   0.01   |   0.26   |   0.01   |
00:18:36.832 -> |   0.00   |   0.00   |   400.00   |   0.00   |   0.00   |   0.00   |
00:18:37.397 -> |   0.00   |   0.00   |   400.00   |   0.00   |   0.00   |   0.00   |
00:18:37.928 -> |   0.00   |   0.00   |   400.02   |   0.00   |   0.05   |   0.00   |
00:18:38.493 -> |   0.14   |   0.09   |   400.25   |   0.03   |   0.53   |   0.03   |
00:18:39.024 -> |   0.08   |   0.06   |   400.17   |   0.02   |   0.37   |   0.02   |
00:18:39.588 -> |   0.00   |   0.00   |   400.00   |   0.00   |   0.01   |   0.00   |
00:18:40.119 -> |   0.00   |   0.00   |   400.00   |   0.00   |   0.00   |   0.00   |
00:18:40.683 -> |   0.00   |   0.00   |   400.01   |   0.00   |   0.02   |   0.00   |
00:18:41.248 -> |   0.03   |   0.03   |   400.08   |   0.01   |   0.20   |   0.01   |
00:18:41.778 -> |   0.07   |   0.05   |   400.16   |   0.02   |   0.36   |   0.02   |
00:18:42.342 -> |   0.00   |   0.00   |   400.00   |   0.00   |   0.01   |   0.00   |
00:18:42.874 -> |   0.00   |   0.00   |   400.00   |   0.00   |   0.00   |   0.00   |
00:18:43.438 -> |   0.00   |   0.00   |   400.00   |   0.00   |   0.02   |   0.00   |
00:18:44.002 -> |   0.04   |   0.03   |   400.09   |   0.01   |   0.23   |   0.01   |
00:18:44.533 -> |   0.10   |   0.07   |   400.20   |   0.02   |   0.43   |   0.02   |
00:18:45.098 -> |   0.00   |   0.00   |   400.01   |   0.00   |   0.03   |   0.00   |
00:18:45.629 -> |   0.00   |   0.00   |   400.00   |   0.00   |   0.00   |   0.00   |
00:18:46.194 -> |   0.00   |   0.00   |   400.00   |   0.00   |   0.02   |   0.00   |
00:18:46.758 -> |   0.03   |   0.02   |   400.08   |   0.01   |   0.19   |   0.01   |
00:18:47.290 -> |   0.13   |   0.08   |   400.24   |   0.03   |   0.51   |   0.03   |
00:18:47.854 -> |   0.00   |   0.00   |   400.01   |   0.00   |   0.03   |   0.00   |
00:18:48.385 -> |   0.00   |   0.00   |   400.00   |   0.00   |   0.00   |   0.00   |
00:18:48.949 -> |   0.00   |   0.00   |   400.00   |   0.00   |   0.01   |   0.00   |
00:18:49.481 -> |   0.02   |   0.02   |   400.06   |   0.01   |   0.16   |   0.01   |
00:18:50.045 -> |   0.17   |   0.11   |   400.29   |   0.04   |   0.61   |   0.03   |
00:18:50.609 -> |   0.01   |   0.01   |   400.03   |   0.00   |   0.08   |   0.00   |
00:18:51.140 -> |   0.00   |   0.00   |   400.00   |   0.00   |   0.01   |   0.00   |
00:18:51.705 -> |   0.00   |   0.00   |   400.01   |   0.00   |   0.02   |   0.00   |
00:18:52.236 -> |   0.03   |   0.03   |   400.09   |   0.01   |   0.21   |   0.01   |
00:18:52.801 -> |   0.13   |   0.09   |   400.24   |   0.03   |   0.51   |   0.03   |
00:18:53.331 -> |   0.00   |   0.00   |   400.01   |   0.00   |   0.03   |   0.00   |
00:18:53.896 -> |   0.00   |   0.00   |   400.00   |   0.00   |   0.00   |   0.00   |
00:18:54.460 -> |   0.00   |   0.00   |   400.01   |   0.00   |   0.02   |   0.00   |
00:18:54.991 -> |   0.05   |   0.04   |   400.12   |   0.01   |   0.29   |   0.01   |
00:18:55.555 -> |   0.08   |   0.06   |   400.17   |   0.02   |   0.37   |   0.02   |
00:18:56.087 -> |   0.00   |   0.00   |   400.00   |   0.00   |   0.01   |   0.00   |
00:18:56.651 -> |   0.00   |   0.00   |   400.00   |   0.00   |   0.00   |   0.00   |
00:18:57.216 -> |   0.00   |   0.00   |   400.01   |   0.00   |   0.03   |   0.00   |
00:18:57.747 -> |   0.11   |   0.07   |   400.21   |   0.02   |   0.45   |   0.02   |
00:18:58.312 -> |   0.04   |   0.03   |   400.10   |   0.01   |   0.25   |   0.01   |
00:18:58.843 -> |   0.00   |   0.00   |   400.00   |   0.00   |   0.01   |   0.00   |
00:18:59.407 -> |   0.00   |   0.00   |   400.00   |   0.00   |   0.01   |   0.00   |
00:18:59.938 -> |   0.01   |   0.01   |   400.03   |   0.00   |   0.09   |   0.00   |
00:19:00.502 -> |   0.13   |   0.08   |   400.24   |   0.03   |   0.51   |   0.03   |
00:19:01.067 -> |   0.00   |   0.00   |   400.01   |   0.00   |   0.04   |   0.00   |
00:19:01.599 -> |   0.00   |   0.00   |   400.00   |   0.00   |   0.00   |   0.00   |
00:19:02.163 -> |   0.00   |   0.00   |   400.01   |   0.00   |   0.03   |   0.00   |
00:19:02.695 -> |   0.08   |   0.06   |   400.17   |   0.02   |   0.39   |   0.02   |
00:19:03.259 -> |   0.05   |   0.04   |   400.11   |   0.01   |   0.27   |   0.01   |
00:19:03.790 -> |   0.00   |   0.00   |   400.00   |   0.00   |   0.01   |   0.00   |
00:19:04.354 -> |   0.00   |   0.00   |   400.01   |   0.00   |   0.04   |   0.00   |
00:19:04.919 -> |   0.00   |   0.00   |   400.02   |   0.00   |   0.05   |   0.00   |
00:19:05.450 -> |   0.01   |   0.01   |   400.03   |   0.00   |   0.08   |   0.00   |
00:19:06.014 -> |   0.00   |   0.00   |   400.00   |   0.00   |   0.01   |   0.00   |
00:19:06.545 -> |   0.00   |   0.00   |   400.00   |   0.00   |   0.00   |   0.00   |
00:19:07.110 -> |   0.00   |   0.00   |   400.01   |   0.00   |   0.02   |   0.00   |
00:19:07.640 -> |   0.01   |   0.01   |   400.03   |   0.00   |   0.09   |   0.00   |
00:19:08.204 -> |   0.00   |   0.00   |   400.01   |   0.00   |   0.02   |   0.00   |
00:19:08.769 -> |   0.00   |   0.00   |   400.00   |   0.00   |   0.00   |   0.00   |
00:19:09.299 -> |   0.00   |   0.00   |   400.00   |   0.00   |   0.01   |   0.00   |
00:19:09.864 -> |   0.01   |   0.01   |   400.03   |   0.00   |   0.07   |   0.00   |
00:19:10.394 -> |   0.00   |   0.00   |   400.02   |   0.00   |   0.05   |   0.00   |
00:19:10.958 -> |   0.00   |   0.00   |   400.00   |   0.00   |   0.01   |   0.00   |
00:19:11.523 -> |   0.00   |   0.00   |   400.00   |   0.00   |   0.01   |   0.00   |
00:19:12.054 -> |   0.00   |   0.00   |   400.02   |   0.00   |   0.05   |   0.00   |
00:19:12.619 -> |   0.00   |   0.01   |   400.02   |   0.00   |   0.06   |   0.00   |
00:19:13.150 -> |   0.00   |   0.00   |   400.00   |   0.00   |   0.01   |   0.00   |
00:19:13.715 -> |   0.00   |   0.00   |   400.00   |   0.00   |   0.00   |   0.00   |
00:19:14.246 -> |   0.00   |   0.00   |   400.01   |   0.00   |   0.03   |   0.00   |
00:19:14.811 -> |   0.01   |   0.01   |   400.02   |   0.00   |   0.07   |   0.00   |
00:19:15.375 -> |   0.00   |   0.00   |   400.00   |   0.00   |   0.01   |   0.00   |
00:19:15.906 -> |   0.00   |   0.00   |   400.00   |   0.00   |   0.00   |   0.00   |
00:19:16.471 -> |   0.00   |   0.00   |   400.01   |   0.00   |   0.02   |   0.00   |
00:19:17.002 -> |   0.01   |   0.01   |   400.03   |   0.00   |   0.07   |   0.00   |
00:19:17.565 -> |   0.00   |   0.00   |   400.00   |   0.00   |   0.01   |   0.00   |
00:19:18.096 -> |   0.00   |   0.00   |   400.00   |   0.00   |   0.00   |   0.00   |
00:19:18.659 -> |   0.00   |   0.00   |   400.00   |   0.00   |   0.02   |   0.00   |
00:19:19.223 -> |   0.00   |   0.00   |   400.01   |   0.00   |   0.04   |   0.00   |
00:19:19.753 -> |   0.00   |   0.00   |   400.00   |   0.00   |   0.01   |   0.00   |
00:19:20.317 -> |   0.00   |   0.00   |   400.00   |   0.00   |   0.00   |   0.00   |
00:19:20.848 -> |   0.00   |   0.00   |   400.00   |   0.00   |   0.01   |   0.00   |
00:19:21.413 -> |   0.01   |   0.01   |   400.03   |   0.00   |   0.09   |   0.00   |
00:19:21.977 -> |   0.00   |   0.00   |   400.01   |   0.00   |   0.02   |   0.00   |
00:19:22.508 -> |   0.00   |   0.00   |   400.00   |   0.00   |   0.00   |   0.00   |
00:19:23.072 -> |   0.00   |   0.00   |   400.00   |   0.00   |   0.01   |   0.00   |
00:19:23.604 -> |   0.01   |   0.01   |   400.03   |   0.00   |   0.09   |   0.00   |

